0 0.88 233 -6 178 138
54 0.99 337 174 30 27
54 0.97 348 143 30 21
54 0.97 368 176 39 27
54 0.97 383 142 31 21
54 0.96 416 143 30 27
54 0.92 205 373 65 35
54 0.92 315 138 30 27
54 0.88 235 333 65 35
54 0.88 216 297 50 27
54 0.88 303 172 30 27
54 0.88 161 360 50 35
54 0.88 323 203 41 15
54 0.88 402 177 31 27
54 0.85 360 206 39 21
54 0.73 178 321 65 35
54 0.73 287 202 39 21
54 0.73 423 127 32 20
54 0.73 397 121 31 21
54 0.68 252 393 65 35
54 0.62 262 303 65 27
54 0.62 284 348 65 35
54 0.56 296 220 50 16
54 0.56 171 284 50 27
