<<<<<<< HEAD
version https://git-lfs.github.com/spec/v1
oid sha256:0779076c5400dc4f9a7d13095baecba5cb9265f86cd2e718a10155f679b3bd7f
size 349
=======
0 1.00 286 73 178 228
0 0.98 459 93 186 304
0 0.98 152 90 138 177
0 0.73 563 47 46 73
0 0.73 365 62 39 27
0 0.56 -3 84 116 142
41 0.99 250 384 76 93
41 0.94 365 285 35 73
41 0.90 41 262 31 59
41 0.62 215 275 31 35
63 0.96 71 301 178 177
63 0.96 264 233 240 237
63 0.95 75 213 122 69
63 0.62 6 180 95 88
64 0.82 461 356 50 27
66 0.90 436 371 178 107
>>>>>>> origin/main
