<<<<<<< HEAD
version https://git-lfs.github.com/spec/v1
oid sha256:e4d98ef7e71f27ebaded3d2f5e973fb4a9ec1cbd6891c6ca8dd4d4104c1a4ca5
size 365
=======
0 1.00 43 180 240 237
0 0.97 296 119 74 69
0 0.96 407 157 138 177
0 0.90 29 131 70 142
0 0.88 250 130 59 93
0 0.88 2 145 39 45
0 0.73 124 143 65 45
0 0.68 100 136 31 46
0 0.62 380 150 46 93
40 0.99 370 262 31 59
40 0.97 307 275 31 59
40 0.62 334 257 31 35
40 0.68 306 239 24 35
41 0.85 337 257 24 28
56 0.78 60 183 59 93
56 0.78 3 205 35 93
60 0.90 174 183 395 237
>>>>>>> origin/main
