<<<<<<< HEAD
version https://git-lfs.github.com/spec/v1
oid sha256:ef4ba0907f31b6557185742df4a76a2cc44397c49e5e702a08a1dde760f53a62
size 363
=======
39 0.62 98 188 14 46
56 0.98 245 230 95 89
58 1.00 340 211 90 143
58 0.85 190 132 46 94
59 1.00 3 281 395 185
73 0.73 521 193 5 33
73 0.68 508 194 5 33
73 0.68 495 195 7 33
73 0.62 434 191 7 33
73 0.62 543 192 7 33
73 0.62 495 158 32 7
73 0.62 532 193 5 33
73 0.62 455 192 7 33
73 0.62 490 169 41 5
73 0.62 426 0 145 392
73 0.56 446 196 7 25
73 0.56 446 148 5 33
>>>>>>> origin/main
