0 1.00 230 164 145 304
0 1.00 234 66 59 93
0 0.99 161 56 76 120
0 0.98 114 70 59 93
0 0.98 461 133 50 45
0 0.98 -1 77 59 73
0 0.97 340 103 59 73
0 0.97 283 79 59 93
0 0.94 393 122 74 53
0 0.90 335 7 59 73
0 0.85 389 -1 59 93
0 0.73 499 -1 59 93
0 0.73 443 -1 59 93
0 0.68 54 3 59 73
0 0.62 31 -9 508 184
32 0.68 199 62 15 12
38 0.56 231 40 19 76
56 0.98 172 154 50 16
56 0.94 344 73 50 58
56 0.92 287 154 50 16
56 0.90 517 158 50 21
56 0.88 514 80 50 27
56 0.85 0 145 50 21
56 0.85 222 156 41 15
56 0.82 520 124 50 35
56 0.82 50 143 65 27
56 0.78 3 31 50 45
