0 0.98 563 338 35 120
0 0.97 592 353 35 93
0 0.97 462 394 31 76
0 0.95 373 392 24 35
0 0.95 399 383 31 46
0 0.95 216 387 39 35
0 0.90 334 372 7 15
0 0.85 11 359 622 50
0 0.82 121 383 9 20
0 0.78 347 372 5 15
0 0.78 72 387 9 20
0 0.68 140 397 24 35
0 0.68 102 401 24 35
0 0.56 452 380 9 32
33 0.99 41 47 573 304
33 0.88 568 265 65 35
33 0.82 516 243 15 12
33 0.78 274 226 11 7
33 0.78 393 216 19 9
33 0.73 323 191 25 12
33 0.73 119 303 19 5
33 0.73 80 284 7 5
33 0.68 299 202 19 9
33 0.62 262 287 25 12
33 0.56 240 227 19 9
33 0.56 443 159 30 27
33 0.56 571 205 19 15
33 0.56 117 229 7 9
