0 0.90 182 139 70 235
0 0.85 7 83 31 35
0 0.82 150 110 31 46
0 0.78 101 48 31 46
0 0.78 73 42 31 59
0 0.82 33 0 573 184
0 0.73 590 84 39 35
0 0.68 40 43 31 59
0 0.68 120 150 31 35
0 0.62 444 144 31 35
0 0.62 328 140 39 35
0 0.62 560 83 31 35
0 0.56 313 108 31 46
56 0.82 553 128 32 20
56 0.73 414 113 25 15
56 0.73 582 128 32 20
56 0.73 595 147 32 20
56 0.73 571 150 25 20
56 0.68 506 76 25 15
56 0.68 531 76 25 15
56 0.68 519 92 25 20
56 0.62 82 91 25 20
56 0.62 354 113 32 20
56 0.56 495 92 25 20
56 0.56 556 74 25 15
56 0.56 546 93 19 15
56 0.56 103 91 32 20
