0 0.99 215 324 46 154
0 0.99 399 337 46 154
0 0.98 263 342 35 120
0 0.96 453 364 59 120
0 0.85 521 361 59 120
0 0.82 21 336 35 93
0 0.78 310 384 50 58
0 0.73 92 377 24 35
0 0.68 328 345 19 46
0 0.62 116 370 24 46
0 0.62 68 368 24 46
0 0.56 618 349 5 20
33 0.99 117 180 19 12
33 0.98 459 251 19 20
33 0.98 430 30 19 15
33 0.98 160 194 11 7
33 0.97 221 265 122 41
33 0.97 172 237 83 21
33 0.97 504 195 19 20
33 0.96 243 125 19 9
33 0.95 327 64 65 21
33 0.94 335 166 122 41
33 0.88 59 256 7 5
33 0.88 292 222 122 41
33 0.78 102 318 50 35
33 0.78 394 297 19 15
33 0.78 174 314 50 45
33 0.73 362 121 11 9
33 0.68 233 21 9 7
33 0.62 286 93 32 12
