0 0.95 552 286 19 46
0 0.90 520 290 24 35
0 0.88 175 275 24 46
0 0.85 580 186 31 46
0 0.78 326 199 19 46
0 0.78 485 180 24 35
0 0.78 33 44 573 304
0 0.73 459 276 24 35
0 0.73 56 231 24 35
0 0.73 536 315 24 59
0 0.73 501 303 19 25
0 0.62 151 236 24 46
0 0.78 283 222 19 46
0 0.56 415 284 15 20
0 0.56 60 149 19 20
0 0.56 266 196 24 46
1 0.73 68 267 50 27
1 0.73 330 218 11 32
2 0.97 392 305 138 107
2 0.92 510 373 122 114
2 0.68 17 166 74 53
2 0.99 157 45 95 53
3 0.97 574 208 50 27
3 0.98 476 194 39 27
3 0.94 400 185 39 27
7 0.99 389 312 138 107
7 0.56 -5 52 95 69
