0 0.90 71 -583 35 1143
0 0.88 171 -172 11 189
0 0.85 85 -151 11 147
0 0.85 269 -122 11 89
0 0.82 282 -146 11 189
0 0.82 120 -197 15 243
0 0.82 73 -171 11 189
0 0.82 48 -150 11 147
0 0.82 257 -134 11 115
0 0.82 36 -134 11 115
0 0.78 60 -149 11 147
0 0.78 110 -170 11 189
0 0.78 245 -134 11 115
0 0.78 197 -134 9 115
0 0.78 207 -160 11 189
0 0.78 99 -151 9 147
0 0.73 0 -151 11 147
0 0.73 11 -134 11 115
0 0.73 185 -152 9 147
0 0.68 147 -198 11 243
0 0.68 159 -234 11 312
0 0.88 -233 -21 485 65
0 0.62 134 -234 11 312
0 0.62 233 -134 11 115
0 0.62 186 -6 229 228
0 0.62 24 -104 11 54
0 0.62 220 -138 11 147
1 0.85 -131 19 294 65
1 0.82 83 -411 21 693
2 0.78 110 -170 11 189
2 0.88 171 -172 11 189
2 0.78 269 -137 11 147
2 0.82 48 -150 11 147
2 0.82 120 -197 15 243
2 0.78 99 -151 9 147
2 0.82 73 -171 11 189
2 0.82 257 -134 11 115
2 0.85 85 -478 16 890
2 0.73 0 -151 11 147
2 0.78 60 -149 11 147
2 0.73 11 -134 11 115
2 0.78 280 -134 15 115
2 0.68 147 -198 11 243
2 0.78 245 -134 11 115
2 0.82 36 -134 11 115
2 0.82 -206 -359 485 620
3 0.88 -233 -21 485 65
3 0.85 85 -478 16 890
3 0.73 214 -85 125 93
4 0.85 85 -478 16 890
4 0.88 171 -172 11 189
4 0.82 73 -171 11 189
4 0.78 197 -134 9 115
4 0.82 282 -146 11 189
4 0.85 269 -122 11 89
4 0.78 60 -149 11 147
4 0.68 191 -144 76 255
4 0.82 48 -150 11 147
4 0.82 36 -134 11 115
4 0.82 120 -197 15 243
4 0.82 257 -134 11 115
4 0.73 185 -152 9 147
4 0.78 245 -134 11 115
4 0.73 11 -134 11 115
4 0.78 99 -151 9 147
4 0.73 0 -151 11 147
4 0.78 110 -170 11 189
4 0.68 207 -150 11 147
4 0.82 -206 -359 485 620
5 0.85 85 -478 16 890
5 0.73 214 -85 125 93
5 0.62 248 -365 16 693
6 0.90 71 -583 35 1143
6 0.85 269 -122 11 89
6 0.88 -233 -21 485 65
6 0.78 99 -151 9 147
6 0.82 257 -134 11 115
6 0.82 48 -150 11 147
6 0.73 11 -134 11 115
6 0.88 171 -172 11 189
6 0.88 -326 -1129 799 2165
6 0.82 36 -134 11 115
6 0.73 0 -151 11 147
6 0.82 282 -146 11 189
6 0.85 85 -151 11 147
6 0.78 197 -134 9 115
6 0.82 120 -197 15 243
6 0.82 73 -171 11 189
6 0.73 214 -85 125 93
6 0.78 110 -170 11 189
6 0.78 245 -134 11 115
6 0.78 60 -149 11 147
9 0.90 71 -583 35 1143
10 0.88 -326 -1129 799 2165
14 0.82 36 -134 11 115
14 0.78 -238 -18 485 228
14 0.78 60 -149 11 147
14 0.82 48 -150 11 147
15 0.85 85 -151 11 147
15 0.82 73 -171 11 189
15 0.82 36 -134 11 115
15 0.82 48 -150 11 147
16 0.85 85 -478 16 890
16 0.88 -233 -21 485 65
17 0.92 246 93 240 304
18 0.90 71 -583 35 1143
21 0.82 -206 -359 485 620
21 0.88 -233 -21 485 65
24 0.82 83 -411 21 693
25 0.78 -238 -18 485 228
25 0.82 83 -411 21 693
26 0.88 -326 -1129 799 2165
26 0.88 -233 -21 485 65
26 0.85 85 -478 16 890
27 0.88 -233 -21 485 65
27 0.82 -206 -359 485 620
28 0.85 85 -478 16 890
29 0.90 71 -583 35 1143
29 0.73 11 -159 11 189
30 0.85 85 -478 16 890
30 0.68 191 -144 76 255
38 0.90 71 -583 35 1143
38 0.78 -238 -18 485 228
38 0.88 -326 -1129 799 2165
45 0.82 -206 -359 485 620
46 0.88 -233 -21 485 65
46 0.88 -326 -1129 799 2165
47 0.85 -131 19 294 65
47 0.82 -206 -359 485 620
49 0.88 -326 -1129 799 2165
50 0.90 71 -583 35 1143
51 0.90 71 -583 35 1143
51 0.78 -238 -18 485 228
52 0.90 71 -583 35 1143
52 0.85 -131 19 294 65
52 0.82 -206 -359 485 620
53 0.82 83 -411 21 693
54 0.88 -326 -1129 799 2165
54 0.88 -233 -21 485 65
54 0.82 83 -411 21 693
56 0.88 -233 -21 485 65
56 0.82 -206 -359 485 620
60 0.85 -131 19 294 65
60 0.88 -326 -1129 799 2165
61 0.90 71 -583 35 1143
62 0.85 85 -478 16 890
62 0.82 -206 -359 485 620
63 0.62 186 -6 229 228
63 0.78 -238 -18 485 228
66 0.88 -326 -1129 799 2165
66 0.88 -233 -21 485 65
70 0.78 -238 -18 485 228
73 0.78 -238 -18 485 228
74 0.88 -233 -21 485 65
77 0.88 -326 -1129 799 2165
