<<<<<<< HEAD
version https://git-lfs.github.com/spec/v1
oid sha256:c269417c62fef407e4f3396f9d6181894418d16c60eff50036d722fc64455db5
size 354
=======
73 0.94 114 76 28 154
73 0.94 202 290 36 120
73 0.92 260 290 36 120
73 0.90 308 271 28 154
73 0.90 164 98 21 120
73 0.90 301 92 46 154
73 0.90 253 91 46 154
73 0.88 90 94 21 120
73 0.88 333 295 28 120
73 0.85 63 95 21 120
73 0.85 204 104 36 120
73 0.78 350 117 46 120
73 0.68 140 96 21 120
73 0.68 43 94 21 120
73 0.68 45 81 348 390
73 0.56 59 305 36 93
>>>>>>> origin/main
