<<<<<<< HEAD
version https://git-lfs.github.com/spec/v1
oid sha256:6c7fc81f107e53b88bf075deb9a418b62022a04518b4c6520876a882654e95b6
size 331
=======
0 0.99 206 194 35 93
0 0.95 449 162 50 45
0 0.85 230 88 19 20
0 0.82 68 222 46 73
0 0.82 171 94 15 15
0 0.82 21 317 24 59
0 0.78 117 317 31 59
0 0.68 461 91 19 20
0 0.68 257 88 15 20
0 0.56 330 88 15 20
0 0.56 430 91 19 20
24 0.82 158 350 24 27
32 0.62 174 161 5 3
38 0.68 182 218 25 15
56 0.78 178 324 31 46
56 0.73 208 329 31 35
>>>>>>> origin/main
