0 1.00 256 76 90 142
0 1.00 420 96 186 391
0 0.99 20 123 186 304
0 0.90 293 20 74 69
0 0.78 227 -1 46 120
0 0.68 366 88 90 183
2 0.96 476 39 39 35
2 0.92 583 35 50 27
2 0.73 533 26 50 21
40 0.73 300 158 19 46
41 0.96 328 192 19 59
41 0.95 240 241 24 59
41 0.82 337 312 35 73
43 0.68 216 425 122 41
53 0.68 145 393 65 45
53 0.68 270 248 65 45
53 0.62 205 219 65 35
53 0.56 302 441 50 27
53 0.56 184 290 39 35
56 0.95 0 234 116 235
56 0.85 572 257 70 235
56 0.68 25 82 65 35
56 0.56 313 74 50 27
60 0.82 159 183 308 304
