<<<<<<< HEAD
version https://git-lfs.github.com/spec/v1
oid sha256:93d4f0c0db7bd70800811ffc5c4fd22214b87fc81bc121a256713d90a88a8db6
size 354
=======
0 0.99 229 300 39 45
0 0.98 412 288 24 59
0 0.95 551 284 31 59
0 0.78 163 282 9 20
0 0.73 484 277 5 12
0 0.62 210 282 9 20
0 0.62 150 282 7 20
0 0.62 434 277 7 15
0 0.56 385 281 5 15
0 0.56 188 285 9 15
0 0.56 139 285 7 15
33 0.88 121 179 11 5
33 0.85 157 249 25 20
33 0.82 189 230 32 20
33 0.78 156 147 15 4
33 0.73 34 160 485 107
37 0.73 208 339 83 13
>>>>>>> origin/main
