<<<<<<< HEAD
version https://git-lfs.github.com/spec/v1
oid sha256:48d08d83cb86e117f71e2b670f186bb1747c8999dff62441ceb95f48020ad9c8
size 423
=======
0 1.00 0 176 116 142
0 0.99 164 121 178 177
0 0.98 556 121 46 120
0 0.97 363 122 35 120
0 0.96 482 160 35 73
0 0.96 601 119 35 120
0 0.95 113 147 46 93
0 0.95 527 160 35 73
0 0.94 403 121 35 120
0 0.90 440 169 46 73
0 0.88 160 172 46 73
0 0.82 331 31 31 59
0 0.82 305 31 31 59
0 0.56 202 55 24 35
0 0.56 292 169 35 73
0 0.56 525 112 24 28
0 0.56 141 55 24 35
25 0.82 -15 -3 138 27
25 0.56 130 0 157 25
35 0.90 95 215 31 28
>>>>>>> origin/main
