<<<<<<< HEAD
version https://git-lfs.github.com/spec/v1
oid sha256:d58e671bd567e96341dc9a338bfa92b84282ba4761f60081eda33a7b6e720994
size 357
=======
2 1.00 237 289 59 73
2 0.98 413 173 25 20
2 0.95 482 196 39 27
2 0.92 300 168 19 20
2 0.90 277 194 32 20
2 0.90 444 172 25 15
2 0.88 459 184 32 20
2 0.88 463 162 19 15
2 0.82 322 171 39 21
2 0.95 568 169 50 27
2 0.99 540 268 95 114
2 0.82 5 237 74 54
5 0.85 342 205 74 89
7 0.96 474 229 74 54
7 0.88 336 202 90 142
7 0.82 536 220 74 54
7 0.62 432 145 24 28
>>>>>>> origin/main
