<<<<<<< HEAD
version https://git-lfs.github.com/spec/v1
oid sha256:c9b69da3bee7c34196b73ea98722315c1b12c2cfb88e9a4321ee3a7992462d51
size 423
=======
0 0.99 284 233 46 93
0 0.98 230 175 46 120
0 0.98 357 230 90 183
0 0.98 127 174 24 76
0 0.98 106 172 24 76
0 0.96 570 179 24 76
0 0.94 532 189 24 59
0 0.94 493 183 24 76
0 0.94 328 173 46 154
0 0.92 173 183 24 59
0 0.97 444 171 35 120
0 0.90 289 176 24 59
0 0.82 621 173 19 97
0 0.78 268 183 24 59
0 0.73 49 178 11 32
0 0.73 0 169 19 59
0 0.68 389 173 46 73
0 0.90 203 173 27 120
0 0.62 311 176 24 59
30 0.68 325 134 59 93
>>>>>>> origin/main
