<<<<<<< HEAD
version https://git-lfs.github.com/spec/v1
oid sha256:389c94357bd5c3748fda77b1ce2277afaae088164c634e6972afa7517807b626
size 392
=======
0 1.00 463 123 186 305
0 0.99 7 178 116 235
0 0.98 299 62 59 73
0 0.95 387 60 70 143
0 0.92 134 104 90 143
0 0.88 228 123 59 94
0 0.88 238 34 46 73
40 0.92 281 320 35 94
40 0.78 397 262 14 59
41 0.99 408 309 31 46
41 0.99 246 378 39 45
41 0.90 243 313 31 59
41 0.88 360 235 24 46
41 0.82 306 135 11 20
41 0.78 335 241 24 28
41 0.78 280 205 24 36
45 0.68 304 219 50 21
60 0.85 171 141 308 305
>>>>>>> origin/main
