0 0.90 -1202 -104 2797 483
0 0.85 51 -152 15 312
0 0.82 126 -116 12 312
0 0.82 76 -105 15 243
0 0.85 -47 -56 207 154
0 0.82 -95 -117 12 243
0 0.78 39 -33 15 147
0 0.78 26 -81 15 243
0 0.78 13 -118 15 243
0 0.78 174 -117 15 243
0 0.73 -10 -129 15 312
0 0.73 -48 -80 15 189
0 0.73 -35 -108 15 243
0 0.73 1 -185 15 401
0 0.73 63 -54 15 189
0 0.73 101 -161 12 401
0 0.73 113 -106 15 243
0 0.73 139 -91 12 189
0 0.68 -107 -104 12 243
0 0.68 163 -66 12 189
0 0.68 -20 -34 12 147
0 0.68 151 -90 12 189
0 0.62 -60 -17 15 89
0 0.62 200 -90 12 189
0 0.62 -82 -92 12 189
0 0.56 -171 -5409 341 10847
1 0.96 -339 43 486 83
1 0.96 -1434 -102 2797 293
1 0.68 80 28 76 73
2 0.78 39 -33 15 147
2 0.78 76 -80 15 243
2 0.82 63 -116 15 243
2 0.82 -95 -117 12 243
2 0.85 51 -152 15 312
2 0.78 14 -94 15 243
2 0.73 -10 -129 15 312
2 0.78 2 -153 15 312
2 0.73 -35 -108 15 243
2 0.68 -20 -34 12 147
2 0.73 -48 -80 15 189
2 0.73 26 -152 15 312
2 0.73 101 -161 12 401
2 0.73 113 -106 15 243
2 0.82 126 -116 12 312
2 0.85 -47 -56 207 154
2 0.68 -107 -104 12 243
2 0.62 -58 -55 12 189
3 0.98 -1202 1 2797 376
3 0.73 52 -44 97 154
3 0.56 -132 -4183 266 8447
4 0.73 15 -11 207 56
4 0.96 -1434 -102 2797 293
4 0.82 127 -152 12 312
4 0.68 38 42 161 93
4 0.82 -95 -117 12 243
4 0.73 139 -91 12 189
4 0.78 174 -117 15 243
4 0.82 63 -116 15 243
4 0.73 -48 -80 15 189
4 0.73 -10 -119 15 243
4 0.85 51 -152 15 312
4 0.78 2 -153 15 312
4 0.68 -107 -104 12 243
4 0.78 26 -81 15 243
5 0.85 -47 -56 207 154
5 0.68 126 3 161 154
5 0.56 -171 -5409 341 10847
6 0.94 -339 72 486 107
6 0.96 -1434 -102 2797 293
6 0.85 51 -152 15 312
6 0.78 174 -117 15 243
6 0.85 -47 -56 207 154
6 0.82 124 -140 15 312
6 0.78 13 -118 15 243
6 0.82 63 -116 15 243
6 0.73 139 -91 12 189
6 0.82 -95 -117 12 243
6 0.73 26 -152 15 312
6 0.68 151 -90 12 189
6 0.73 100 -106 15 243
6 0.68 87 -116 15 243
6 0.68 161 -117 15 243
6 0.62 -82 -92 12 189
6 0.62 -107 -79 12 243
6 0.56 -133 -3222 266 6579
8 0.96 -339 43 486 83
10 0.96 -1434 -102 2797 293
14 0.94 -339 72 486 107
14 0.90 -1202 -104 2797 483
15 0.82 -95 -117 12 243
16 0.82 -24 -32 161 154
16 0.98 -1202 1 2797 376
17 0.99 61 210 240 304
18 0.85 -47 -56 207 154
21 0.96 -1434 -102 2797 293
24 0.96 -339 43 486 83
25 0.96 -339 43 486 83
25 0.85 -761 97 1321 138
26 0.94 -339 72 486 107
26 0.96 -1434 -102 2797 293
27 0.94 -339 72 486 107
27 0.98 -1202 1 2797 376
28 0.82 -24 -32 161 154
29 0.78 -23 22 161 93
30 0.82 -24 -32 161 154
38 0.96 -1434 -102 2797 293
38 0.96 -339 43 486 83
46 0.96 -339 43 486 83
46 0.96 -1434 -102 2797 293
47 0.94 -339 72 486 107
47 0.96 -1434 -102 2797 293
49 0.96 -1434 -102 2797 293
50 0.85 -47 -56 207 154
51 0.98 -1202 1 2797 376
52 0.98 -1202 1 2797 376
52 0.82 -24 -32 161 154
53 0.62 -449 -37 723 154
54 0.96 -1434 -102 2797 293
54 0.96 -339 43 486 83
56 0.96 -339 43 486 83
56 0.85 -761 97 1321 138
57 0.96 -339 43 486 83
60 0.96 -1434 -102 2797 293
60 0.94 -339 72 486 107
61 0.62 -449 -37 723 154
61 0.56 -132 -4183 266 8447
62 0.96 -1434 -102 2797 293
62 0.94 -339 72 486 107
62 0.56 -132 -4183 266 8447
63 0.90 -1202 -104 2797 483
65 0.98 -1202 1 2797 376
66 0.96 -339 43 486 83
66 0.96 -1434 -102 2797 293
70 0.85 -761 97 1321 138
73 0.94 -339 72 486 107
73 0.96 -1434 -102 2797 293
74 0.98 -1202 1 2797 376
74 0.96 -339 43 486 83
77 0.98 -1202 1 2797 376
