0 0.92 0 254 19 59
0 0.85 533 156 14 35
0 0.68 467 161 19 35
0 0.56 155 173 19 15
0 0.56 198 137 9 20
2 1.00 180 298 74 69
2 1.00 423 268 74 69
2 1.00 316 314 74 53
2 0.99 307 247 57 69
2 0.99 503 137 39 27
2 0.99 328 198 50 45
2 1.00 268 220 50 45
2 0.92 518 115 32 20
2 0.78 409 176 39 35
2 0.78 509 86 25 15
2 0.92 419 139 31 35
2 0.98 585 125 39 35
2 0.78 402 109 39 21
2 0.56 390 89 25 15
5 0.99 223 133 76 93
5 1.00 104 187 108 138
5 0.99 313 146 57 69
5 0.94 366 120 59 73
5 1.00 338 89 50 45
5 0.92 450 80 31 28
5 0.92 577 164 57 69
5 0.90 585 83 50 35
5 0.92 298 112 39 45
5 0.82 321 71 32 25
5 0.98 410 200 74 88
5 0.68 377 75 25 20
