0 0.88 150 -42 178 376
0 0.85 104 -3 11 89
0 0.85 153 -65 11 189
0 0.85 165 -114 11 312
0 0.85 56 -43 9 147
0 0.82 41 -52 11 115
0 0.82 140 -45 11 147
0 0.82 128 -117 11 243
0 0.82 90 -30 11 69
0 0.82 -7 -52 11 115
0 0.82 4 -90 11 189
0 0.82 -31 -88 11 189
0 0.82 67 -27 11 89
0 0.78 115 -52 11 189
0 0.73 -4469 52 8795 73
0 0.78 78 -39 11 89
0 0.78 -45 -67 15 147
0 0.78 176 -90 15 189
0 0.73 17 -28 11 115
0 0.73 200 -127 15 312
0 0.73 188 -116 15 243
0 0.73 30 -90 11 189
0 0.73 -19 -41 11 89
0 0.73 -55 -52 11 115
0 0.73 -66 -90 9 189
0 0.68 -80 -104 11 243
0 0.68 -49 -40 265 120
0 0.92 -211 62 294 39
1 0.90 -205 90 294 65
1 0.97 125 -48 229 483
2 0.85 165 -114 11 312
2 0.82 -31 -88 11 189
2 0.78 -43 -42 11 147
2 0.85 56 -43 9 147
2 0.78 -6 -64 11 189
2 0.78 42 -56 11 147
2 0.85 153 -65 11 189
2 0.73 -66 -90 9 189
2 0.82 67 -27 11 89
2 0.78 176 -90 15 189
2 0.82 140 -45 11 147
2 0.73 5 -44 11 147
2 0.68 -80 -104 11 243
2 0.78 78 -39 11 89
2 0.78 128 -77 11 189
2 0.68 -55 -57 11 147
2 0.68 17 -80 11 243
2 0.73 -19 -41 11 89
2 0.73 30 -90 11 189
2 0.73 116 -91 11 189
2 0.82 90 -30 11 69
2 0.73 -4469 52 8795 73
2 0.85 104 -3 11 89
3 0.97 125 -48 229 483
3 0.92 -211 62 294 39
3 0.90 -380 100 622 138
4 0.82 -31 -88 11 189
4 0.85 104 -3 11 89
4 0.82 90 -30 11 69
4 0.82 54 -56 11 147
4 0.82 67 -27 11 89
4 0.82 -7 -52 11 115
4 0.82 165 -117 11 243
4 0.85 153 -65 11 189
4 0.78 78 -27 11 89
4 0.78 -45 -67 15 147
4 0.78 176 -90 15 189
4 0.82 128 -117 11 243
4 0.82 41 -52 11 115
4 0.82 4 -90 11 189
4 0.82 140 -45 11 147
4 0.73 -19 -41 11 89
4 0.73 188 -116 15 243
4 0.73 -66 -90 9 189
4 0.78 115 -52 11 189
4 0.73 -55 -52 11 115
4 0.73 17 -28 11 115
4 0.73 200 -127 15 312
4 0.73 30 -90 11 189
5 0.73 -4469 52 8795 73
5 0.68 -49 -40 265 120
5 0.62 -21 67 206 56
6 0.90 -205 90 294 65
6 0.82 54 -56 11 147
6 0.85 104 -3 11 89
6 0.82 67 -27 11 89
6 0.82 41 -52 11 115
6 0.85 163 -64 15 189
6 0.97 125 -48 229 483
6 0.78 -6 -64 11 189
6 0.82 -31 -88 11 189
6 0.73 200 -127 15 312
6 0.78 78 -39 11 89
6 0.78 176 -90 15 189
6 0.82 90 -30 11 69
6 0.82 128 -65 11 189
6 0.85 153 -65 11 189
6 0.73 188 -116 15 243
6 0.73 -66 -90 9 189
6 0.73 116 -91 11 189
6 0.78 -676 169 1318 39
6 0.73 -55 -52 11 115
6 0.73 5 -44 11 147
6 0.82 140 -45 11 147
6 0.73 -19 -41 11 89
6 0.78 -45 -67 15 147
8 0.73 -4469 52 8795 73
14 0.92 -211 62 294 39
14 0.90 -380 100 622 138
15 0.82 -7 -52 11 115
15 0.82 -31 -88 11 189
16 0.68 -49 -32 265 154
17 0.85 56 -43 9 147
17 0.78 68 -15 9 115
21 0.92 -211 62 294 39
25 0.92 -211 62 294 39
25 0.90 -380 100 622 138
26 0.92 -211 62 294 39
26 0.88 150 -42 178 376
26 0.90 -380 100 622 138
27 0.90 -380 100 622 138
27 0.92 -211 62 294 39
28 0.73 -4469 52 8795 73
28 0.68 -49 -32 265 154
29 0.68 -66 -66 9 189
30 0.97 125 -48 229 483
38 0.90 -205 90 294 65
46 0.92 -211 62 294 39
46 0.90 -380 100 622 138
47 0.92 -211 62 294 39
47 0.90 -380 100 622 138
49 0.78 -676 169 1318 39
50 0.62 -48 48 97 73
51 0.78 -676 169 1318 39
51 0.73 -4469 52 8795 73
51 0.88 150 -42 178 376
51 0.73 -849 118 1693 39
52 0.97 125 -48 229 483
52 0.90 -380 100 622 138
52 0.92 -211 62 294 39
54 0.97 125 -48 229 483
54 0.90 -205 90 294 65
54 0.78 -676 169 1318 39
54 0.68 -49 -40 265 120
56 0.92 -211 62 294 39
56 0.90 -380 100 622 138
60 0.92 -211 62 294 39
60 0.73 -849 118 1693 39
61 0.78 221 271 122 69
62 0.73 -4469 52 8795 73
62 0.92 -211 62 294 39
63 0.92 -211 62 294 39
66 0.92 -211 62 294 39
66 0.97 125 -48 229 483
70 0.90 -380 100 622 138
72 0.73 -4469 52 8795 73
73 0.90 -380 100 622 138
73 0.92 -211 62 294 39
74 0.97 125 -48 229 483
74 0.78 -676 169 1318 39
74 0.73 -849 118 1693 39
74 0.92 -211 62 294 39
