<<<<<<< HEAD
version https://git-lfs.github.com/spec/v1
oid sha256:67a0cdf79249d46849e7d5e99407da7e69ab749ae51fc4c0fd57026d23ab88b2
size 345
=======
0 0.99 39 179 178 178
0 0.99 253 130 138 138
0 0.97 485 292 138 138
0 0.96 415 103 138 138
0 0.92 110 4 95 89
0 0.85 264 56 95 89
0 0.78 30 356 157 69
56 0.96 240 209 90 183
56 0.68 80 86 74 69
56 0.62 417 184 116 183
56 0.62 385 11 74 89
56 0.56 229 4 46 57
63 0.92 498 133 57 69
67 0.73 122 260 15 12
67 0.73 353 101 15 12
67 0.68 355 66 15 9
>>>>>>> origin/main
