<<<<<<< HEAD
version https://git-lfs.github.com/spec/v1
oid sha256:820cc8cd1d5b9989bfda93aab898777786ff514ad8925293aee080848f022484
size 346
=======
0 0.99 373 302 70 183
0 0.88 210 217 35 154
0 0.82 27 205 70 183
0 0.82 496 252 24 59
0 0.82 142 225 46 154
0 0.73 244 214 35 154
0 0.73 444 252 24 59
0 0.68 92 195 46 198
0 0.56 309 223 35 120
0 0.56 536 245 19 59
0 0.56 368 234 24 46
1 0.94 358 365 46 120
6 0.99 -16 140 377 138
24 0.85 250 233 24 46
24 0.78 91 231 31 46
24 0.73 341 249 24 35
>>>>>>> origin/main
