0 0.99 392 161 19 59
0 0.98 463 167 28 73
0 0.95 347 165 28 57
0 0.95 442 213 36 94
0 0.94 272 143 14 46
0 0.92 431 167 28 57
0 0.92 156 103 7 20
0 0.90 299 150 14 59
0 0.90 399 129 19 46
0 0.90 124 111 9 25
0 0.85 288 124 14 46
0 0.85 232 120 19 28
0 0.85 416 157 19 46
0 0.82 180 105 7 20
0 0.73 215 115 14 28
0 0.73 166 104 7 20
0 0.73 137 105 9 25
0 0.68 336 115 11 36
0 0.62 363 123 19 46
0 0.56 385 123 14 46
2 0.82 -22 68 309 238
4 0.99 11 13 240 306
5 0.99 323 77 179 108
24 0.82 477 181 19 28
24 0.73 455 231 24 36
24 0.85 403 173 9 20
26 0.68 345 195 12 20
28 0.73 365 193 15 25
28 0.56 292 198 15 20
