0 0.88 -1 -170 11 189
0 0.95 298 -63 21 93
0 0.82 49 -134 9 115
0 0.82 281 -172 11 189
0 0.82 196 -150 9 147
0 0.82 24 -133 11 115
0 0.82 36 -134 11 115
0 0.78 147 -114 11 147
0 0.78 245 -149 11 147
0 0.78 271 -149 9 147
0 0.78 13 -197 9 243
0 0.78 220 -108 11 69
0 0.78 184 -138 11 147
0 0.78 169 -98 15 69
0 0.73 258 -149 11 147
0 0.73 99 -103 9 54
0 0.73 121 -84 11 69
0 0.73 159 -107 11 89
0 0.73 110 -133 11 115
0 0.73 208 -119 11 89
0 0.82 -173 56 377 65
0 0.68 86 -133 9 115
0 0.68 60 -120 11 89
0 0.68 134 -75 11 69
0 0.68 73 -82 11 89
0 0.73 261 -100 97 56
0 0.90 -170 -15 377 24
0 0.68 70 -179 46 327
1 0.90 -170 -15 377 24
1 0.88 -122 20 294 50
1 0.82 220 -49 35 93
1 0.78 -86 -1840 294 3570
1 0.85 287 -66 46 154
1 0.62 -1290 94 2791 30
2 0.95 298 -63 21 93
2 0.88 -1 -170 11 189
2 0.82 -173 56 377 65
2 0.73 261 -100 97 56
2 0.78 13 -197 9 243
2 0.82 24 -133 11 115
2 0.78 271 -149 9 147
2 0.78 184 -138 11 147
2 0.82 36 -134 11 115
2 0.68 181 -549 229 1023
2 0.73 121 -64 11 54
2 0.68 158 -72 11 69
2 0.68 73 -82 11 89
2 0.68 110 -83 11 89
2 0.68 86 -83 9 89
2 0.82 220 -49 35 93
2 0.82 49 -134 9 115
3 0.90 -170 -15 377 24
3 0.68 181 -549 229 1023
3 0.78 -86 -1840 294 3570
3 0.56 296 -82 18 293
4 0.95 298 -63 21 93
4 0.73 261 -100 97 56
4 0.82 49 -134 9 115
4 0.78 147 -114 11 147
4 0.78 220 -108 11 69
4 0.78 169 -98 15 69
4 0.78 184 -138 11 147
4 0.88 -1 -170 11 189
4 0.82 36 -134 11 115
4 0.82 196 -150 9 147
4 0.73 159 -107 11 89
4 0.82 24 -133 11 115
4 0.82 281 -172 11 189
4 0.68 70 -179 46 327
4 0.73 208 -119 11 89
4 0.78 -86 -1840 294 3570
4 0.73 110 -133 11 115
4 0.78 245 -149 11 147
4 0.78 271 -149 9 147
4 0.73 121 -119 11 115
4 0.78 13 -197 9 243
4 0.73 99 -103 9 54
4 0.68 86 -133 9 115
4 0.68 257 -85 11 69
4 0.68 60 -120 11 89
4 0.68 134 -75 11 69
4 0.68 181 -549 229 1023
4 0.68 73 -82 11 89
5 0.95 298 -63 21 93
5 0.82 220 -49 35 93
5 0.73 261 -100 97 56
5 0.68 70 -179 46 327
5 0.62 -1290 94 2791 30
5 0.56 35 -590 161 1143
5 0.62 -786 26 1693 50
6 0.82 24 -133 11 115
6 0.88 -122 20 294 50
6 0.78 184 -138 11 147
6 0.82 196 -150 9 147
6 0.82 49 -134 9 115
6 0.82 36 -134 11 115
6 0.78 13 -197 9 243
6 0.78 -86 -1840 294 3570
6 0.78 169 -98 15 69
6 0.73 261 -100 97 56
6 0.78 147 -114 11 147
6 0.82 281 -172 11 189
6 0.73 110 -133 11 115
6 0.73 99 -103 9 54
6 0.68 252 -43 76 120
6 0.68 86 -133 9 115
6 0.62 60 -114 11 147
10 0.78 -86 -1840 294 3570
10 0.88 -1 -170 11 189
14 0.88 -122 20 294 50
14 0.90 -170 -15 377 24
14 0.88 -1 -170 11 189
14 0.78 13 -197 9 243
14 0.82 36 -134 11 115
14 0.82 49 -134 9 115
14 0.82 24 -133 11 115
14 0.78 -86 -1840 294 3570
15 0.82 49 -134 9 115
15 0.82 36 -134 11 115
15 0.82 24 -133 11 115
16 0.90 -170 -15 377 24
18 0.82 220 -49 35 93
18 0.68 70 -179 46 327
21 0.90 -170 -15 377 24
21 0.88 -122 20 294 50
21 0.68 -93 -1135 229 2165
24 0.82 -173 56 377 65
24 0.90 -170 -15 377 24
26 0.90 -170 -15 377 24
26 0.88 -122 20 294 50
26 0.78 -86 -1840 294 3570
26 0.68 181 -549 229 1023
26 0.56 296 -82 18 293
27 0.82 -173 56 377 65
27 0.90 -170 -15 377 24
27 0.68 181 -549 229 1023
27 0.68 -93 -1135 229 2165
29 0.78 25 -158 9 189
29 0.88 -1 -170 11 189
29 0.73 13 -157 9 189
38 0.88 -122 20 294 50
38 0.78 -86 -1840 294 3570
38 0.90 -170 -15 377 24
46 0.90 -170 -15 377 24
46 0.88 -122 20 294 50
46 0.78 -86 -1840 294 3570
46 0.62 -1290 94 2791 30
47 0.90 -170 -15 377 24
47 0.88 -122 20 294 50
47 0.68 -93 -1135 229 2165
47 0.62 -1290 94 2791 30
49 0.78 -86 -1840 294 3570
50 0.68 70 -179 46 327
51 0.68 181 -549 229 1023
51 0.78 -86 -1840 294 3570
51 0.56 296 -82 18 293
51 0.62 -786 26 1693 50
52 0.82 -173 56 377 65
52 0.90 -170 -15 377 24
52 0.68 181 -549 229 1023
52 0.56 296 -82 18 293
54 0.88 -122 20 294 50
54 0.90 -170 -15 377 24
54 0.68 181 -549 229 1023
54 0.78 -86 -1840 294 3570
56 0.90 -170 -15 377 24
56 0.88 -122 20 294 50
60 0.90 -170 -15 377 24
60 0.88 -122 20 294 50
60 0.78 -86 -1840 294 3570
61 0.68 70 -179 46 327
62 0.90 -170 -15 377 24
62 0.88 -122 20 294 50
62 0.78 -86 -1840 294 3570
62 0.68 70 -179 46 327
62 0.62 -1290 94 2791 30
63 0.92 311 29 294 138
63 0.68 181 -549 229 1023
63 0.56 296 -82 18 293
63 0.82 -173 56 377 65
66 0.68 181 -549 229 1023
73 0.88 -122 20 294 50
73 0.90 -170 -15 377 24
73 0.78 -86 -1840 294 3570
73 0.68 181 -549 229 1023
74 0.82 -173 56 377 65
74 0.90 -170 -15 377 24
77 0.68 181 -549 229 1023
77 0.78 -86 -1840 294 3570
