<<<<<<< HEAD
version https://git-lfs.github.com/spec/v1
oid sha256:f49ba4385f9e6d7c51363832448d13061fbe321325407511b8111944a712e1a3
size 359
=======
0 0.85 241 333 19 46
0 0.62 302 334 14 46
0 0.62 566 343 11 12
2 1.00 314 340 95 53
2 1.00 40 371 229 65
2 0.99 430 332 95 69
2 0.96 250 343 50 35
2 0.92 180 333 39 35
2 0.90 137 344 50 21
2 0.90 0 338 41 15
2 0.78 48 339 65 13
56 0.82 527 358 15 25
56 0.78 601 359 15 25
56 0.68 552 360 15 25
56 0.68 577 363 15 20
56 0.62 614 358 15 25
56 0.62 629 360 9 20
>>>>>>> origin/main
