0 0.99 221 209 59 120
0 0.96 343 36 46 120
0 0.90 278 100 59 94
0 0.90 -2 199 46 120
0 0.88 474 33 59 120
0 0.96 36 -15 573 305
0 0.82 83 181 46 120
0 0.82 402 218 59 94
0 0.78 272 201 59 73
0 0.78 146 116 59 94
0 0.68 522 0 59 94
0 0.68 114 89 35 94
0 0.62 142 240 70 111
0 0.62 166 23 24 36
0 0.56 432 26 46 94
25 0.99 402 171 74 54
25 0.98 108 211 65 45
25 0.98 166 46 50 27
25 0.98 258 69 65 45
25 0.98 428 241 122 69
25 0.98 203 186 65 45
25 0.95 298 25 50 45
25 0.88 57 182 50 35
25 0.85 51 142 65 35
25 0.82 53 85 50 35
25 0.78 402 12 65 27
25 0.73 564 26 74 54
25 0.73 253 160 65 35
25 0.68 102 48 50 35
25 0.56 82 19 50 21
26 0.85 137 254 31 36
26 0.68 250 229 31 36
