0 0.90 -261 -366 1026 797
0 0.90 -2 -10209 377 20564
0 0.73 258 -110 9 89
0 0.73 244 -110 11 89
0 0.68 13 -225 9 243
0 0.68 282 -197 11 189
0 0.68 233 -124 9 69
0 0.68 208 -122 11 115
0 0.68 184 -160 11 189
0 0.88 -295 44 622 65
0 0.62 195 -150 11 147
0 0.62 157 -146 15 89
0 0.62 25 -225 9 243
0 0.62 -1 -198 11 189
0 0.62 220 -147 11 89
0 0.62 171 -187 11 243
0 0.62 271 -123 9 115
0 0.62 110 -160 11 189
0 0.62 97 -139 11 147
1 0.92 56 -271 485 620
1 0.88 -217 -57 485 84
1 0.88 -295 44 622 65
1 0.95 -436 -3008 1026 5891
2 0.68 13 -225 9 243
2 0.73 258 -110 9 89
2 0.68 30 -820 161 1469
2 0.88 108 -24 377 228
2 0.62 25 -225 9 243
2 0.62 0 -186 9 189
3 0.97 -135 -570 799 1314
3 0.88 108 -24 377 228
3 0.90 -2 -10209 377 20564
3 0.88 -217 -57 485 84
4 0.97 -135 -570 799 1314
4 0.88 108 -24 377 228
4 0.73 258 -110 9 89
4 0.73 244 -110 11 89
4 0.68 13 -225 9 243
4 0.68 184 -160 11 189
5 0.97 -135 -570 799 1314
5 0.88 108 -24 377 228
5 0.62 52 -89 76 154
6 0.97 -135 -570 799 1314
6 0.90 -2 -10209 377 20564
6 0.88 -295 44 622 65
6 0.88 -217 -57 485 84
6 0.68 184 -160 11 189
6 0.68 282 -160 11 189
6 0.68 208 -122 11 115
6 0.62 196 -160 11 189
6 0.73 258 -110 9 89
6 0.78 208 -109 229 177
6 0.62 171 -187 11 243
6 0.62 110 -160 11 189
6 0.62 97 -139 11 147
10 0.95 -436 -3008 1026 5891
13 0.90 -2 -10209 377 20564
14 0.97 -135 -570 799 1314
14 0.90 -2 -10209 377 20564
14 0.88 -217 -57 485 84
14 0.88 -295 44 622 65
15 0.68 30 -820 161 1469
16 0.90 -2 -10209 377 20564
16 0.88 -217 -57 485 84
21 0.82 -278 -258 622 376
21 0.95 -436 -3008 1026 5891
26 0.92 56 -271 485 620
26 0.95 -436 -3008 1026 5891
26 0.88 -217 -57 485 84
26 0.88 -295 44 622 65
27 0.97 -135 -570 799 1314
27 0.90 -2 -10209 377 20564
27 0.78 208 -109 229 177
27 0.88 -295 44 622 65
27 0.88 -217 -57 485 84
28 0.62 35 -631 161 1144
29 0.92 56 -271 485 620
34 0.90 -2 -10209 377 20564
38 0.95 -436 -3008 1026 5891
38 0.88 -295 44 622 65
45 0.82 -278 -258 622 376
46 0.95 -436 -3008 1026 5891
46 0.88 -295 44 622 65
46 0.88 -217 -57 485 84
47 0.88 -217 -57 485 84
47 0.90 -2 -10209 377 20564
47 0.88 -295 44 622 65
49 0.95 -436 -3008 1026 5891
50 0.90 -261 -366 1026 797
50 0.85 -446 -3713 1318 7565
50 0.62 52 -89 76 154
51 0.78 208 -109 229 177
51 0.90 -2 -10209 377 20564
51 0.73 -772 15 1693 107
52 0.92 56 -271 485 620
52 0.90 -2 -10209 377 20564
52 0.88 -217 -57 485 84
53 0.92 56 -271 485 620
54 0.97 -135 -570 799 1314
54 0.90 -2 -10209 377 20564
54 0.88 -217 -57 485 84
54 0.88 108 -24 377 228
56 0.95 -436 -3008 1026 5891
56 0.88 -217 -57 485 84
56 0.88 -295 44 622 65
60 0.95 -436 -3008 1026 5891
60 0.88 -217 -57 485 84
60 0.88 -295 44 622 65
61 0.68 30 -820 161 1469
61 0.62 52 -89 76 154
62 0.78 208 -109 229 177
62 0.95 -436 -3008 1026 5891
62 0.68 30 -820 161 1469
62 0.88 -217 -57 485 84
63 0.97 -135 -570 799 1314
63 0.88 108 -24 377 228
63 0.90 -2 -10209 377 20564
65 0.78 208 -109 229 177
66 0.95 -436 -3008 1026 5891
66 0.88 108 -24 377 228
66 0.88 -217 -57 485 84
73 0.88 -295 44 622 65
73 0.95 -436 -3008 1026 5891
73 0.92 56 -271 485 620
73 0.88 -217 -57 485 84
74 0.90 -2 -10209 377 20564
74 0.97 -135 -570 799 1314
74 0.88 108 -24 377 228
74 0.88 -217 -57 485 84
76 1.00 39 46 573 237
77 0.95 -436 -3008 1026 5891
77 0.68 108 -317 377 483
