<<<<<<< HEAD
version https://git-lfs.github.com/spec/v1
oid sha256:79bdc9a6812d6e3c64112dc7676361e660cd008b820e27bb5334b0d0cf51a205
size 370
=======
0 1.00 141 187 70 111
0 0.99 261 196 70 86
0 0.99 322 194 70 86
0 0.99 208 183 55 111
0 0.99 3 134 43 143
0 0.95 384 196 70 86
0 0.95 39 134 43 143
0 0.92 108 131 43 143
0 0.88 -7 29 448 237
0 0.73 63 25 46 94
0 0.73 393 22 46 94
0 0.68 164 22 46 94
0 0.68 452 90 43 183
0 0.56 350 21 46 94
0 0.56 319 81 46 73
0 0.56 211 17 46 94
27 0.73 331 59 5 15
27 0.62 282 53 7 9
>>>>>>> origin/main
