0 0.99 217 152 70 183
0 0.99 300 152 55 183
0 0.85 445 174 24 27
0 0.78 36 156 31 46
0 0.78 120 159 24 35
0 0.78 153 35 24 35
0 0.73 68 137 31 46
0 0.73 2 165 31 35
0 0.73 73 36 31 46
0 0.94 41 20 573 236
0 0.62 419 123 31 46
0 0.62 562 174 24 27
0 0.62 44 67 31 35
0 0.56 397 123 24 46
0 0.56 511 136 31 46
0 0.56 148 158 31 46
0 0.56 531 174 24 27
38 0.78 248 249 24 46
56 0.96 435 422 95 53
56 0.68 539 425 95 53
56 0.62 88 188 25 12
56 0.62 113 190 25 12
56 0.56 366 187 25 15
56 0.56 423 188 19 12
