0 0.82 183 -225 11 244
0 0.78 85 -120 161 120
0 0.78 233 -166 9 148
0 0.82 -229 -20 485 178
0 0.78 147 -177 11 148
0 0.78 134 -161 11 115
0 0.78 159 -177 11 148
0 0.78 257 -188 11 244
0 0.73 171 -177 11 148
0 0.73 246 -167 9 148
0 0.73 220 -162 11 190
0 0.73 270 -175 11 148
0 0.73 120 -134 15 115
0 0.68 282 -225 11 244
0 0.68 207 -162 11 115
0 0.68 195 -177 11 148
0 0.68 59 -142 15 148
0 0.68 0 -160 11 115
0 0.68 11 -161 11 115
0 0.62 48 -141 11 148
0 0.62 73 -150 11 115
0 0.62 108 -164 15 148
0 0.62 96 -149 15 115
0 0.95 -439 -1852 1026 3578
0 0.56 24 -161 11 115
1 0.88 -131 -14 294 84
1 0.95 -439 -1852 1026 3578
1 0.88 188 -109 229 377
2 0.78 134 -161 11 115
2 0.78 147 -177 11 148
2 0.82 183 -225 11 244
2 0.82 233 -178 11 148
2 0.78 86 -146 161 120
2 0.73 270 -175 11 148
2 0.78 257 -188 11 244
2 0.73 245 -162 11 190
2 0.73 220 -162 11 190
2 0.78 159 -177 11 148
2 0.62 48 -141 11 148
3 0.88 188 -109 229 377
3 0.78 38 -142 97 255
4 0.78 38 -142 97 255
4 0.88 188 -109 229 377
4 0.73 270 -175 11 148
4 0.78 257 -188 11 244
4 0.78 147 -177 11 148
4 0.78 134 -161 11 115
4 0.82 233 -178 11 148
4 0.82 183 -225 11 244
4 0.73 171 -177 11 148
4 0.73 246 -167 9 148
4 0.68 11 -161 11 115
4 0.68 282 -213 11 244
4 0.78 159 -177 11 148
5 0.78 86 -146 161 120
5 0.56 -587 -151 1190 255
6 0.88 -131 -14 294 84
6 0.95 -439 -1852 1026 3578
6 0.78 134 -161 11 115
6 0.78 147 -177 11 148
6 0.78 159 -177 11 148
6 0.88 188 -109 229 377
6 0.68 282 -213 11 244
6 0.82 183 -225 11 244
6 0.73 270 -164 11 148
6 0.73 171 -177 11 148
6 0.73 120 -134 15 115
6 0.73 257 -162 11 115
6 0.68 0 -160 11 115
6 0.82 233 -178 11 148
7 0.82 -229 -20 485 178
10 0.95 -439 -1852 1026 3578
14 0.88 -131 -14 294 84
14 0.95 -439 -1852 1026 3578
14 0.88 188 -109 229 377
16 0.78 38 -142 97 255
16 0.95 -439 -1852 1026 3578
16 0.90 -384 -63 799 84
18 0.78 86 -146 161 120
19 0.98 416 196 19 12
19 0.97 450 198 19 9
19 0.95 387 198 19 15
19 0.92 312 197 19 9
19 0.98 505 199 32 12
19 0.88 484 199 11 9
19 0.73 293 195 15 9
19 0.68 355 195 19 9
19 0.62 344 196 11 7
21 0.73 -158 -174 377 228
24 0.73 40 -250 97 421
25 0.82 -229 -20 485 178
26 0.95 -439 -1852 1026 3578
26 0.90 -384 -63 799 84
26 0.68 -1724 -2 3584 65
27 0.88 -131 -14 294 84
27 0.88 188 -109 229 377
28 0.78 85 -120 161 120
29 0.62 -4 -94 341 120
30 0.78 85 -120 161 120
38 0.95 -439 -1852 1026 3578
38 0.73 -158 -174 377 228
39 0.88 188 -109 229 377
40 0.88 188 -109 229 377
45 0.82 -229 -20 485 178
46 0.90 -384 -63 799 84
46 0.95 -439 -1852 1026 3578
46 0.68 -1724 -2 3584 65
47 0.88 -131 -14 294 84
47 0.95 -439 -1852 1026 3578
47 0.68 -1724 -2 3584 65
50 0.78 38 -142 97 255
51 0.88 188 -109 229 377
51 0.95 -439 -1852 1026 3578
52 0.82 -229 -20 485 178
52 0.88 188 -109 229 377
53 0.88 188 -109 229 377
54 0.95 -439 -1852 1026 3578
54 0.90 -384 -63 799 84
56 0.90 -384 -63 799 84
60 0.95 -439 -1852 1026 3578
60 0.82 -229 -20 485 178
62 0.88 -131 -14 294 84
62 0.95 -439 -1852 1026 3578
62 0.68 -1724 -2 3584 65
63 0.88 188 -109 229 377
66 0.95 -439 -1852 1026 3578
66 0.90 -384 -63 799 84
73 0.88 -131 -14 294 84
73 0.95 -439 -1852 1026 3578
73 0.68 -1724 -2 3584 65
74 0.88 188 -109 229 377
77 0.88 188 -109 229 377
77 0.95 -439 -1852 1026 3578
