47 0.98 352 213 74 69
47 0.96 298 152 50 45
47 0.95 204 129 39 35
47 0.95 412 249 57 69
47 0.95 290 231 74 53
47 0.92 463 227 50 45
47 0.90 327 191 50 35
47 0.85 224 160 50 45
47 0.78 406 195 39 45
47 0.78 274 187 50 35
47 0.68 193 96 39 27
47 0.85 39 77 573 304
47 0.62 427 164 39 35
47 0.62 344 167 39 27
47 0.62 190 159 30 21
47 0.56 176 126 31 35
47 0.56 34 108 65 35
47 0.56 563 245 50 45
49 0.98 139 175 95 69
49 0.88 100 233 122 114
49 0.82 198 275 122 114
49 0.73 221 209 74 69
49 0.85 303 273 95 114
49 0.62 -2 370 122 53
