0 0.88 133 -265 15 402
0 0.85 120 -184 15 244
0 0.82 60 -175 11 148
0 0.82 110 -198 11 244
0 0.82 37 -175 9 148
0 0.78 197 -140 11 148
0 0.78 282 -161 11 115
0 0.78 158 -265 15 402
0 0.78 208 -123 11 115
0 0.78 25 -196 9 190
0 0.78 97 -175 11 148
0 0.78 0 -173 11 190
0 0.73 86 -214 9 244
0 0.73 13 -174 9 190
0 0.73 74 -149 11 115
0 0.73 222 -198 9 190
0 0.73 48 -177 11 148
0 0.73 234 -162 11 190
0 0.73 145 -121 15 89
0 0.73 183 -161 15 190
0 0.73 170 -222 15 313
0 0.68 269 -198 11 190
0 0.62 245 -188 11 244
0 0.56 257 -164 11 148
1 0.88 -128 -71 294 108
1 0.90 -237 -3026 622 5899
2 0.82 110 -198 11 244
2 0.88 133 -265 15 402
2 0.85 120 -184 15 244
2 0.82 60 -175 11 148
2 0.82 37 -175 9 148
2 0.73 157 -151 15 148
2 0.73 145 -121 15 89
2 0.78 97 -175 11 148
2 0.78 25 -196 9 190
2 0.73 85 -177 11 148
2 0.78 0 -173 11 190
2 0.68 74 -174 11 190
2 0.73 48 -177 11 148
2 0.73 170 -222 15 313
2 0.78 179 -436 206 694
2 0.78 208 -123 11 115
2 0.68 11 -161 11 190
2 0.73 183 -161 15 190
2 0.73 222 -198 9 190
2 0.73 -12 -88 206 94
2 0.78 197 -140 11 148
3 0.88 -128 -71 294 108
3 0.78 179 -436 206 694
3 0.73 134 -121 59 120
4 0.88 133 -265 15 402
4 0.85 120 -184 15 244
4 0.82 37 -175 9 148
4 0.82 60 -175 11 148
4 0.82 110 -198 11 244
4 0.90 -237 -3026 622 5899
4 0.78 25 -196 9 190
4 0.78 0 -173 11 190
4 0.78 97 -175 11 148
4 0.78 197 -140 11 148
4 0.78 282 -161 11 115
4 0.68 147 -65 35 57
4 0.73 74 -149 11 115
4 0.73 222 -198 9 190
4 0.73 86 -214 9 244
4 0.73 48 -177 11 148
4 0.73 234 -162 11 190
4 0.78 208 -123 11 115
4 0.73 183 -161 15 190
4 0.68 146 -133 11 89
4 0.68 13 -186 9 190
4 0.68 269 -198 11 190
4 0.68 -89 -574 229 1025
5 0.85 -38 -172 97 155
5 0.73 134 -121 59 120
5 0.78 179 -436 206 694
5 0.68 27 -73 125 120
6 0.85 -66 -133 161 120
6 0.88 133 -265 15 402
6 0.78 179 -436 206 694
6 0.78 197 -140 11 148
6 0.90 -237 -3026 622 5899
6 0.78 208 -123 11 115
6 0.73 85 -221 11 313
6 0.73 13 -174 9 190
6 0.82 37 -175 9 148
6 0.73 46 -187 15 244
6 0.73 183 -161 15 190
6 0.73 0 -161 11 190
6 0.73 222 -198 9 190
6 0.78 158 -265 15 402
6 0.73 170 -222 15 313
6 0.82 60 -175 11 148
6 0.82 110 -198 11 244
6 0.68 71 -159 15 190
6 0.85 120 -184 15 244
6 0.68 282 -188 11 244
6 0.78 25 -196 9 190
8 0.85 -66 -133 161 120
9 0.73 -12 -88 206 94
14 0.90 -237 -3026 622 5899
14 0.82 60 -175 11 148
15 0.85 -38 -172 97 155
15 0.82 60 -175 11 148
15 0.82 37 -175 9 148
15 0.90 -237 -3026 622 5899
16 0.73 -12 -88 206 94
17 0.85 145 -265 15 402
17 0.85 120 -184 15 244
17 0.82 110 -198 11 244
18 0.85 -66 -133 161 120
18 0.73 138 -88 46 155
20 0.85 -38 -172 97 155
22 0.85 -38 -172 97 155
24 0.85 -38 -172 97 155
26 0.90 -237 -3026 622 5899
26 0.88 -128 -71 294 108
27 0.88 -128 -71 294 108
27 0.90 -237 -3026 622 5899
28 0.85 -66 -133 161 120
28 0.73 134 -121 59 120
29 0.85 -66 -133 161 120
29 0.73 13 -174 9 190
29 0.78 0 -173 11 190
30 0.73 138 -88 46 155
30 0.85 -66 -133 161 120
38 0.90 -237 -3026 622 5899
38 0.85 -38 -172 97 155
38 0.68 -89 -574 229 1025
46 0.88 -128 -71 294 108
46 0.90 -237 -3026 622 5899
47 0.88 -128 -71 294 108
47 0.90 -237 -3026 622 5899
49 0.90 -237 -3026 622 5899
50 0.73 -12 -88 206 94
51 0.85 -66 -133 161 120
51 0.90 -237 -3026 622 5899
52 0.73 134 -121 59 120
52 0.88 -128 -71 294 108
52 0.90 -237 -3026 622 5899
53 0.85 -38 -172 97 155
54 0.90 -237 -3026 622 5899
54 0.88 -128 -71 294 108
56 0.88 -128 -71 294 108
59 0.85 -66 -133 161 120
60 0.90 -237 -3026 622 5899
60 0.88 -128 -71 294 108
61 0.85 -38 -172 97 155
61 0.68 27 -73 125 120
62 0.85 -66 -133 161 120
62 0.90 -237 -3026 622 5899
66 0.90 -237 -3026 622 5899
72 0.85 -66 -133 161 120
73 0.88 -128 -71 294 108
73 0.90 -237 -3026 622 5899
74 0.90 -237 -3026 622 5899
74 0.88 -128 -71 294 108
75 0.85 -66 -133 161 120
77 0.90 -237 -3026 622 5899
