0 0.88 170 -170 11 189
0 0.88 184 -120 11 89
0 0.85 74 -122 11 89
0 0.85 109 -120 11 89
0 0.85 122 -103 11 54
0 0.85 270 -133 11 115
0 0.85 159 -148 11 147
0 0.85 196 -172 11 189
0 0.82 220 -149 11 147
0 0.82 145 -133 15 115
0 0.78 60 -172 11 189
0 0.78 97 -112 11 69
0 0.78 256 -149 15 147
0 0.78 133 -121 15 115
0 0.73 206 -172 15 189
0 0.73 233 -149 11 147
0 0.73 282 -150 11 147
0 0.73 85 -151 11 147
0 0.73 11 -172 11 189
0 0.73 0 -198 11 243
0 0.73 48 -200 11 243
0 0.73 36 -234 11 312
0 0.73 24 -152 11 147
0 0.68 245 -124 11 147
0 0.78 -63 -66 161 154
0 0.68 48 -478 125 890
1 0.85 -175 -17 377 50
1 0.73 -50 24 138 65
1 0.85 63 -127 485 483
2 0.85 159 -148 11 147
2 0.88 170 -170 11 189
2 0.85 196 -172 11 189
2 0.82 145 -133 15 115
2 0.88 184 -120 11 89
2 0.82 220 -149 11 147
2 0.85 270 -133 11 115
2 0.85 109 -120 11 89
2 0.78 256 -149 15 147
2 0.78 133 -121 15 115
2 0.73 233 -149 11 147
2 0.78 -25 -333 265 693
2 0.78 97 -112 11 69
2 0.73 0 -198 11 243
2 0.73 11 -172 11 189
2 0.73 24 -152 11 147
2 0.73 206 -172 15 189
2 0.85 74 -122 11 89
2 0.78 122 -108 11 89
2 0.78 -63 -66 161 154
2 0.68 243 -137 15 147
3 0.85 63 -127 485 483
3 0.78 -63 -66 161 154
4 0.78 -25 -333 265 693
4 0.85 159 -148 11 147
4 0.85 109 -120 11 89
4 0.85 122 -103 11 54
4 0.88 170 -170 11 189
4 0.85 270 -133 11 115
4 0.85 74 -122 11 89
4 0.78 97 -112 11 69
4 0.78 -63 -66 161 154
4 0.88 184 -120 11 89
4 0.82 145 -133 15 115
4 0.85 196 -172 11 189
4 0.73 134 -121 11 89
4 0.73 85 -151 11 147
4 0.78 60 -172 11 189
4 0.73 36 -234 11 312
4 0.73 24 -152 11 147
4 0.73 0 -198 11 243
4 0.78 256 -149 15 147
4 0.73 11 -172 11 189
4 0.73 48 -200 11 243
4 0.73 232 -113 11 147
4 0.73 283 -173 9 243
4 0.82 220 -149 11 147
4 0.56 171 -36 265 73
5 0.78 -25 -333 265 693
5 0.78 -63 -66 161 154
5 0.56 171 -36 265 73
6 0.85 63 -127 485 483
6 0.85 109 -120 11 89
6 0.85 122 -103 11 54
6 0.88 184 -120 11 89
6 0.85 -175 -17 377 50
6 0.85 74 -122 11 89
6 0.85 196 -172 11 189
6 0.85 270 -133 11 115
6 0.78 60 -172 11 189
6 0.88 170 -170 11 189
6 0.85 159 -148 11 147
6 0.73 48 -200 11 243
6 0.82 220 -149 11 147
6 0.73 11 -172 11 189
6 0.73 0 -198 11 243
6 0.73 232 -113 11 147
6 0.73 24 -152 11 147
6 0.73 85 -151 11 147
6 0.73 135 -97 9 115
6 0.73 36 -234 11 312
6 0.78 243 -150 15 147
6 0.78 97 -112 11 69
6 0.82 145 -133 15 115
8 0.78 -63 -66 161 154
14 0.88 -332 -703 799 1313
14 0.78 60 -172 11 189
15 0.78 -63 -66 161 154
16 1.00 184 119 240 304
16 0.78 -25 -333 265 693
18 0.78 -25 -333 265 693
20 0.78 -63 -66 161 154
21 0.85 -175 -17 377 50
25 0.78 -25 -333 265 693
26 0.88 -332 -703 799 1313
26 0.85 -175 -17 377 50
26 0.73 -50 24 138 65
26 0.62 -500 73 1026 65
27 0.85 63 -127 485 483
27 0.85 -175 -17 377 50
27 0.73 -50 24 138 65
28 0.78 -63 -66 161 154
28 0.68 48 -478 125 890
29 0.78 -63 -66 161 154
30 0.78 -25 -333 265 693
30 0.78 -63 -66 161 154
38 0.88 -332 -703 799 1313
46 0.85 -175 -17 377 50
46 0.88 -332 -703 799 1313
46 0.73 -50 24 138 65
46 0.62 -500 73 1026 65
47 0.85 -175 -17 377 50
49 0.88 -332 -703 799 1313
51 0.85 63 -127 485 483
51 0.78 -63 -66 161 154
52 0.85 -175 -17 377 50
52 0.73 -50 24 138 65
52 0.78 -25 -333 265 693
52 0.62 -500 73 1026 65
53 0.78 -63 -66 161 154
54 0.88 -332 -703 799 1313
54 0.85 -175 -17 377 50
54 0.73 -50 24 138 65
54 0.62 -500 73 1026 65
56 0.85 -175 -17 377 50
56 0.73 -50 24 138 65
56 0.62 -500 73 1026 65
60 0.88 -332 -703 799 1313
60 0.85 -175 -17 377 50
61 0.78 -63 -66 161 154
62 0.78 -63 -66 161 154
62 0.88 -332 -703 799 1313
63 0.85 63 -127 485 483
66 0.88 -332 -703 799 1313
72 0.78 -63 -66 161 154
73 0.88 -332 -703 799 1313
74 0.88 -332 -703 799 1313
74 0.85 -175 -17 377 50
75 0.78 -63 -66 161 154
77 0.85 63 -127 485 483
