<<<<<<< HEAD
version https://git-lfs.github.com/spec/v1
oid sha256:f7256bb635da7070c692b71d7377b8a15aac75f7d65a2a3f6cbf0cb4d8034017
size 363
=======
0 1.00 -1 259 90 183
0 0.98 93 248 46 154
0 0.92 240 257 27 93
0 0.88 492 257 35 120
0 0.85 385 264 19 59
0 0.85 564 255 31 76
0 0.85 419 259 27 120
0 0.73 190 264 19 46
0 0.73 171 264 19 59
0 0.73 610 258 24 97
0 0.68 151 269 14 46
0 0.68 477 262 14 46
0 0.56 465 264 14 46
26 0.56 486 284 24 46
28 0.97 523 333 31 46
28 0.82 427 331 39 27
28 0.73 429 355 31 35
>>>>>>> origin/main
