0 1.00 341 370 90 111
0 0.99 533 405 95 69
0 0.95 110 410 95 69
0 0.94 217 345 116 142
0 0.92 59 411 59 73
0 0.73 478 459 39 21
0 0.56 98 142 31 76
20 0.97 91 267 178 107
20 0.94 410 394 122 69
20 0.92 147 197 122 69
20 0.92 267 67 39 45
20 0.90 329 201 178 107
20 0.90 105 86 122 88
20 0.90 424 141 122 53
20 0.90 339 101 65 45
20 0.88 413 100 95 41
20 0.85 535 28 74 69
20 0.85 429 48 65 45
20 0.85 190 347 178 107
20 0.82 1 349 178 107
20 0.82 503 241 95 41
20 0.73 268 39 65 35
20 0.68 79 38 573 390
20 0.68 423 17 50 35
20 0.56 565 196 74 69
