0 0.88 46 -42 11 115
0 0.88 169 -3 11 89
0 0.88 120 -14 11 115
0 0.85 231 -5 11 69
0 0.85 10 -14 11 115
0 0.85 60 -31 9 147
0 0.85 71 8 11 69
0 0.85 280 -40 11 89
0 0.82 108 -6 11 20
0 0.82 -13 -33 9 147
0 0.82 -2 -31 11 147
0 0.82 256 -42 11 89
0 0.82 245 -69 9 147
0 0.82 207 7 11 69
0 0.82 21 15 11 54
0 0.82 194 -33 11 147
0 0.82 34 -39 11 89
0 0.78 -25 -69 9 147
0 0.82 155 -3 15 89
0 0.78 132 -21 11 54
0 0.78 144 14 11 54
0 0.73 108 5 11 69
0 0.73 182 -6 11 69
0 0.68 220 -17 9 69
0 0.68 83 -29 11 69
0 0.62 96 -1 11 89
0 0.82 29 57 485 177
0 0.92 -99 49 178 65
1 0.90 -74 87 139 83
2 0.88 47 -15 11 115
2 0.85 60 -31 9 147
2 0.88 169 -3 11 89
2 0.85 71 8 11 69
2 0.82 34 -39 11 89
2 0.82 155 -3 15 89
2 0.78 144 14 11 54
2 0.82 21 15 11 54
2 0.88 120 -14 11 115
2 0.73 182 -6 11 69
2 0.82 194 -33 11 147
2 0.78 133 7 11 69
2 0.82 -15 -44 11 147
2 0.85 231 -5 11 69
2 0.85 10 -14 11 115
2 0.78 -25 -69 9 147
2 0.82 245 -69 9 147
2 0.85 280 -40 11 89
2 0.82 -2 -31 11 147
2 0.82 207 7 11 69
2 0.73 257 6 9 42
3 0.85 125 -114 294 620
3 0.92 -99 49 178 65
3 0.90 -64 114 108 138
4 0.85 120 -26 11 115
4 0.88 46 -42 11 115
4 0.82 245 -69 9 147
4 0.85 231 -5 11 69
4 0.85 167 -15 15 89
4 0.85 280 -40 11 89
4 0.85 71 8 11 69
4 0.85 10 -14 11 115
4 0.82 108 -6 11 20
4 0.78 206 -17 11 69
4 0.78 34 -56 11 147
4 0.82 256 -42 11 89
4 0.78 132 -21 11 54
4 0.82 21 15 11 54
4 0.82 -15 -44 11 147
4 0.82 -2 -13 11 89
4 0.85 125 -114 294 620
4 0.85 60 -31 9 147
4 0.78 -25 -69 9 147
4 0.78 144 14 11 54
4 0.82 194 -33 11 147
4 0.73 108 5 11 69
4 0.73 182 -6 11 69
4 0.82 155 -3 15 89
4 0.62 -36 -13 206 198
4 0.68 220 -6 9 69
4 0.68 83 -29 11 69
5 0.62 -36 -13 206 198
5 0.62 110 -43 46 120
6 0.90 -64 114 108 138
6 0.92 -99 49 178 65
6 0.85 167 -15 15 89
6 0.82 194 -33 11 147
6 0.82 46 -41 11 89
6 0.85 280 -40 11 89
6 0.85 60 -31 9 147
6 0.78 144 14 11 54
6 0.88 120 -14 11 115
6 0.82 243 8 11 69
6 0.82 256 -42 11 89
6 0.82 155 -3 15 89
6 0.85 10 -14 11 115
6 0.78 132 -21 11 54
6 0.78 -25 -69 9 147
6 0.78 34 -56 11 147
6 0.82 -2 -31 11 147
6 0.82 29 57 485 177
6 0.68 83 -29 11 69
6 0.78 206 -17 11 69
6 0.82 -13 -33 9 147
14 0.92 -99 49 178 65
14 0.90 -64 114 108 138
14 0.82 34 -39 11 89
15 0.85 60 -31 9 147
15 0.82 34 -39 11 89
15 0.88 47 -15 11 115
15 0.85 10 -14 11 115
15 0.82 21 15 11 54
16 0.90 -74 87 139 83
17 0.85 120 -26 11 115
17 0.85 10 -14 11 115
17 0.88 47 -15 11 115
17 0.73 109 0 9 54
17 0.85 71 8 11 69
17 0.85 60 -31 9 147
17 0.82 -2 -13 11 89
21 0.92 -99 49 178 65
24 0.92 -99 49 178 65
24 0.90 -64 114 108 138
25 0.92 -99 49 178 65
25 0.90 -64 114 108 138
26 0.82 29 57 485 177
26 0.90 -74 87 139 83
26 0.73 -99 177 294 24
27 0.90 -64 114 108 138
27 0.92 -99 49 178 65
27 0.85 125 -114 294 620
28 0.62 98 -37 76 154
29 0.82 -15 -44 11 147
33 0.90 -64 114 108 138
38 0.92 -99 49 178 65
45 0.92 -99 49 178 65
45 0.90 -64 114 108 138
46 0.92 -99 49 178 65
46 0.90 -64 114 108 138
47 0.90 -64 114 108 138
47 0.92 -99 49 178 65
49 0.73 -99 177 294 24
51 0.85 125 -114 294 620
51 0.73 -99 177 294 24
52 0.90 -64 114 108 138
52 0.85 125 -114 294 620
52 0.92 -99 49 178 65
52 0.62 98 -37 76 154
54 0.90 -74 87 139 83
54 0.68 -605 67 1319 50
56 0.90 -64 114 108 138
56 0.92 -99 49 178 65
60 0.92 -99 49 178 65
60 0.90 -64 114 108 138
61 0.99 10 413 116 183
61 0.99 450 408 139 177
61 0.99 241 414 116 183
62 0.92 -99 49 178 65
62 0.90 -64 114 108 138
63 0.85 125 -114 294 620
63 0.90 -64 114 108 138
66 0.92 -99 49 178 65
73 0.90 -64 114 108 138
73 0.92 -99 49 178 65
77 0.82 29 57 485 177
