0 1.00 102 124 59 120
0 1.00 501 159 46 94
0 1.00 295 148 46 120
0 0.99 235 119 24 59
0 0.97 264 101 24 36
0 0.96 629 112 9 33
0 0.95 497 60 11 25
0 0.95 87 36 9 20
0 0.95 451 60 11 15
0 0.94 282 63 15 33
0 0.94 439 95 11 20
0 0.92 108 33 9 33
0 0.90 459 86 19 36
0 0.90 251 52 11 20
0 0.90 122 46 11 20
0 0.88 531 24 7 12
0 0.82 552 81 24 28
0 0.82 544 23 5 12
0 0.82 595 17 9 15
0 0.78 554 23 5 12
0 0.78 188 36 7 15
0 0.78 631 49 7 15
0 0.73 396 55 11 15
0 0.68 189 52 11 20
0 0.56 180 13 5 15
0 0.56 97 40 9 20
0 0.56 367 84 15 7
30 0.68 99 225 65 16
30 0.73 624 144 15 4
30 0.62 458 118 25 3
30 0.56 222 170 53 4
