0 0.78 280 -139 15 147
0 0.78 22 -134 15 115
0 0.73 10 -159 15 189
0 0.73 271 -122 9 89
0 0.73 71 -150 15 147
0 0.73 34 -111 15 69
0 0.73 259 -134 9 115
0 0.73 109 -109 15 89
0 0.78 69 -225 76 327
0 0.73 84 -149 11 147
0 0.68 59 -134 15 115
0 0.68 245 -134 11 115
0 0.68 133 -137 15 147
0 0.68 157 -187 15 243
0 0.68 0 -125 11 147
0 0.68 307 -84 11 89
0 0.62 231 -99 15 69
0 0.62 -1028 -15 2174 228
0 0.62 122 -108 11 115
1 0.73 -170 -28 377 50
1 0.68 -7 -715 138 1313
1 0.56 -59097 -206453 118702 412748
2 0.78 69 -225 76 327
2 0.78 22 -134 15 115
2 0.56 -59097 -206453 118702 412748
3 0.62 -56 -163 341 255
4 0.78 69 -225 76 327
4 0.73 272 -66 59 44
4 0.73 84 -149 11 147
4 0.73 271 -122 9 89
4 0.78 22 -134 15 115
4 0.73 71 -150 15 147
4 0.56 -59097 -206453 118702 412748
4 0.73 34 -111 15 69
4 0.73 259 -134 9 115
4 0.73 -1 -159 15 189
4 0.73 109 -109 15 89
4 0.68 133 -137 15 147
4 0.62 245 -51 11 25
5 1.00 253 81 308 304
5 0.78 69 -225 76 327
5 0.73 272 -66 59 44
5 0.73 -97692 -220 195706 376
5 0.56 -59097 -206453 118702 412748
5 0.62 27 -1539 59 3107
6 0.73 -97692 -220 195706 376
6 0.78 22 -134 15 115
6 0.62 27 -1539 59 3107
6 0.73 259 -134 9 115
6 0.73 71 -150 15 147
6 0.73 10 -159 15 189
6 0.73 282 -135 11 115
6 0.73 84 -149 11 147
6 0.68 -75 1 178 83
6 0.78 69 -225 76 327
14 0.73 -97692 -220 195706 376
14 0.68 -75 1 178 83
14 0.68 59 -134 15 115
14 0.62 -1028 -15 2174 228
15 0.78 69 -225 76 327
16 0.62 60 -117 341 154
18 0.78 69 -225 76 327
24 0.78 69 -225 76 327
26 0.73 -97692 -220 195706 376
26 0.73 -170 -28 377 50
26 0.68 -7 -715 138 1313
26 0.62 -1028 -15 2174 228
27 0.73 -170 -28 377 50
27 0.68 2 -277 51 483
28 0.78 69 -225 76 327
29 0.73 10 -159 15 189
29 0.78 22 -134 15 115
38 0.73 -97692 -220 195706 376
38 0.78 69 -225 76 327
46 0.73 -170 -28 377 50
46 0.68 2 -277 51 483
46 0.62 -1028 -15 2174 228
47 0.68 2 -277 51 483
47 0.73 -170 -28 377 50
49 0.73 -97692 -220 195706 376
50 0.62 27 -1539 59 3107
54 0.73 -97692 -220 195706 376
54 0.68 -7 -715 138 1313
54 0.73 -170 -28 377 50
56 0.73 -170 -28 377 50
60 0.73 -97692 -220 195706 376
60 0.73 -170 -28 377 50
60 0.68 -7 -715 138 1313
61 0.62 27 -1539 59 3107
62 0.73 -170 -28 377 50
73 0.62 -1028 -15 2174 228
73 0.73 -170 -28 377 50
74 0.62 -1028 -15 2174 228
77 0.73 -97692 -220 195706 376
